c=-1800304.06634 
d=1892860.07435
a=381699.36795
b= - 1096638.07584

